0 6134.57373657
1 1849.16836514
2 1849.16836514
3 1849.16836514
4 1849.16836514
5 1849.16836514
6 1849.16836514
7 1849.16836514
8 1849.16836514
9 1849.16836514
10 1849.16836514
11 1849.16836514
12 1849.16836514
13 1562.07559742
14 1489.44615833
15 868.716529493
16 868.716529493
17 868.716529493
18 868.716529493
19 868.716529493
20 868.716529493
21 868.716529493
22 391.58362265
23 391.58362265
24 272.173929652
25 144.564103652
26 144.564103652
27 144.564103652
28 144.564103652
29 144.564103652
30 144.564103652
31 65.2231735545
32 65.2231735545
33 65.2231735545
34 65.2231735545
35 65.2231735545
36 65.2231735545
37 65.2231735545
38 65.2231735545
39 65.2231735545
40 65.2231735545
41 65.2231735545
42 65.2231735545
43 65.2231735545
44 47.0977955495
45 47.0977955495
46 47.0977955495
47 47.0977955495
48 47.0977955495
49 47.0977955495
50 40.4256744833
51 40.4256744833
52 40.4256744833
53 40.4256744833
54 40.4256744833
55 40.4256744833
56 40.4256744833
57 40.4256744833
58 40.4256744833
59 40.4256744833
60 40.4256744833
61 40.4256744833
62 40.4256744833
63 40.4256744833
64 40.4256744833
65 40.4256744833
66 40.4256744833
67 40.4256744833
68 40.4256744833
69 16.668313316
70 10.422200377
71 10.422200377
72 10.422200377
73 10.422200377
74 10.422200377
75 10.422200377
76 10.422200377
77 10.422200377
78 10.422200377
79 10.422200377
80 10.422200377
81 10.422200377
82 10.422200377
83 10.422200377
84 10.422200377
85 10.422200377
86 10.422200377
87 10.422200377
88 10.422200377
89 10.422200377
90 10.422200377
91 10.422200377
92 10.422200377
93 10.422200377
94 10.422200377
95 10.422200377
96 10.422200377
97 10.422200377
98 10.422200377
99 10.422200377
100 10.422200377
101 10.422200377
102 10.422200377
103 10.422200377
104 10.422200377
105 10.422200377
106 10.422200377
107 10.422200377
108 10.422200377
109 10.422200377
110 10.422200377
111 10.422200377
112 10.422200377
113 10.422200377
114 10.422200377
115 10.422200377
116 10.422200377
117 10.422200377
118 10.422200377
119 10.422200377
120 10.422200377
0 12722.3875368
0 8019.82768716
0 6948.34183136
0 1819.05917592
0 2526.15246506
0 2627.23115555
0 2812.93240547
0 3119.90234094
0 1101.84767839
0 1568.72907679
0 1304.85838979
1 1304.85838979
2 1304.85838979
3 1304.85838979
4 1304.85838979
5 1304.85838979
6 1304.85838979
7 1304.85838979
8 1304.85838979
9 1304.85838979
10 1304.85838979
11 1304.85838979
12 1304.85838979
13 1304.85838979
14 1150.14871265
15 1150.14871265
16 1150.14871265
17 1150.14871265
18 1150.14871265
19 1150.14871265
20 1150.14871265
21 1150.14871265
22 1150.14871265
23 1150.14871265
24 1150.14871265
25 657.818365617
26 657.818365617
27 657.818365617
28 657.818365617
29 513.435401122
30 513.435401122
31 513.435401122
32 513.435401122
33 513.435401122
34 356.114548983
35 356.114548983
36 356.114548983
37 356.114548983
38 255.656096255
39 255.656096255
40 255.656096255
41 255.656096255
42 70.1452209318
43 70.1452209318
44 70.1452209318
45 70.1452209318
46 70.1452209318
47 70.1452209318
48 70.1452209318
49 56.4773545765
50 56.4773545765
51 56.4773545765
52 56.4773545765
53 56.4773545765
54 46.8113744867
55 46.8113744867
56 46.8113744867
57 46.8113744867
58 46.8113744867
59 46.8113744867
60 37.4466557246
61 37.4466557246
62 27.7890658528
63 27.7890658528
64 27.7890658528
65 27.7890658528
66 21.8892671973
67 21.8892671973
68 21.8892671973
69 21.8892671973
70 21.8892671973
71 11.1792513008
72 11.1792513008
73 11.1792513008
74 11.1792513008
75 11.1792513008
76 11.1792513008
77 11.1792513008
78 11.1792513008
79 11.1792513008
80 11.1792513008
81 11.1792513008
82 11.1792513008
83 11.1792513008
84 11.1792513008
85 11.1792513008
86 11.1792513008
87 11.1792513008
88 11.1792513008
89 11.1792513008
90 11.1792513008
91 11.1792513008
92 11.1792513008
93 11.1792513008
94 11.1792513008
95 11.1792513008
96 11.1792513008
97 11.1792513008
98 11.1792513008
99 11.1792513008
100 11.1792513008
101 11.1792513008
102 11.1792513008
103 11.1792513008
104 11.1792513008
105 11.1792513008
106 11.1792513008
107 11.1792513008
108 11.1792513008
109 11.1792513008
110 11.1792513008
111 11.1792513008
112 11.1792513008
113 11.1792513008
114 7.20661651709
115 7.20661651709
116 6.27549212433
117 6.27549212433
118 6.27549212433
119 6.27549212433
120 6.27549212433
121 6.27549212433
122 6.27549212433
123 6.27549212433
124 6.27549212433
125 6.27549212433
126 6.27549212433
127 6.27549212433
128 6.27549212433
129 6.27549212433
130 6.27549212433
131 6.27549212433
132 6.27549212433
133 6.27549212433
134 6.27549212433
135 6.27549212433
136 6.27549212433
137 6.27549212433
138 6.27549212433
139 6.27549212433
140 6.27549212433
141 6.27549212433
142 6.27549212433
143 6.27549212433
144 6.27549212433
145 6.27549212433
146 6.27549212433
147 6.27549212433
148 6.27549212433
149 6.27549212433
150 2.79878598323
151 2.79878598323
152 2.79878598323
153 2.79878598323
154 2.79878598323
155 2.79878598323
156 2.79878598323
157 2.79878598323
158 2.79878598323
159 2.79878598323
160 2.79878598323
161 2.79878598323
162 2.79878598323
163 2.79878598323
164 2.79878598323
165 2.79878598323
166 2.79878598323
167 2.79878598323
168 2.79878598323
169 2.79878598323
170 2.79878598323
171 2.79878598323
172 2.79878598323
173 2.79878598323
174 2.79878598323
175 2.79878598323
176 2.79878598323
177 2.79878598323
178 2.79878598323
179 2.79878598323
180 2.79878598323
181 2.79878598323
182 2.79878598323
183 2.79878598323
184 2.79878598323
185 2.79878598323
186 2.79878598323
187 2.79878598323
188 2.79878598323
189 2.79878598323
190 2.79878598323
191 2.79878598323
192 2.79878598323
193 2.79878598323
194 2.79878598323
195 2.79878598323
196 2.79878598323
197 2.79878598323
198 2.79878598323
199 2.79878598323
200 2.79878598323
0 5481.84664013
1 5481.84664013
2 4298.34380738
3 4298.34380738
4 3761.45680129
5 2593.43209801
6 1181.74716864
7 1181.74716864
8 1181.74716864
9 1014.98050802
10 995.574211769
11 995.574211769
12 441.264657746
13 441.264657746
14 441.264657746
15 441.264657746
16 441.264657746
17 441.264657746
18 441.264657746
19 441.264657746
20 441.264657746
21 441.264657746
22 441.264657746
23 441.264657746
24 441.264657746
25 394.459391328
26 394.459391328
27 394.459391328
28 394.459391328
29 394.459391328
30 394.459391328
31 394.459391328
32 394.459391328
33 394.459391328
34 394.459391328
35 394.459391328
36 340.788383349
37 340.788383349
38 340.788383349
39 340.788383349
40 340.788383349
41 340.788383349
42 340.788383349
43 255.825656376
44 255.825656376
45 255.825656376
46 255.825656376
47 255.825656376
48 255.825656376
49 255.825656376
50 255.825656376
51 255.825656376
52 255.825656376
53 93.0080760472
54 93.0080760472
55 93.0080760472
56 93.0080760472
57 93.0080760472
58 93.0080760472
59 93.0080760472
60 93.0080760472
61 93.0080760472
62 93.0080760472
63 93.0080760472
64 93.0080760472
65 93.0080760472
66 93.0080760472
67 93.0080760472
68 93.0080760472
69 93.0080760472
70 93.0080760472
71 93.0080760472
72 93.0080760472
73 93.0080760472
74 93.0080760472
75 93.0080760472
76 68.030401291
77 68.030401291
78 56.1048938683
79 56.1048938683
80 56.1048938683
81 56.1048938683
82 56.1048938683
83 56.1048938683
84 56.1048938683
85 56.1048938683
86 56.1048938683
87 42.7785639556
88 42.7785639556
89 42.7785639556
90 42.7785639556
91 42.7785639556
92 42.7785639556
93 35.1804655651
94 35.1804655651
95 35.1804655651
96 35.1804655651
97 35.1804655651
98 35.1804655651
99 35.1804655651
100 35.1804655651
101 35.1804655651
102 35.1804655651
103 35.1804655651
104 35.1804655651
105 35.1804655651
106 35.0456102428
107 35.0456102428
108 35.0456102428
109 30.2032299205
110 30.0307942982
111 23.5570412373
112 23.5570412373
113 23.5570412373
114 23.5570412373
115 23.5570412373
116 19.5924600658
117 19.5924600658
118 19.5924600658
119 19.5924600658
120 19.5924600658
121 19.5924600658
122 19.5924600658
123 19.5924600658
124 19.5924600658
125 19.5106603639
126 19.5106603639
127 19.5106603639
128 19.5106603639
129 19.5106603639
130 19.5106603639
131 19.5106603639
132 19.5106603639
133 15.1174763184
134 15.1174763184
135 15.1174763184
136 9.99673539088
137 9.99673539088
138 9.99673539088
139 9.48164709119
140 9.48164709119
141 9.48164709119
142 9.48164709119
143 9.48164709119
144 9.48164709119
145 9.48164709119
146 7.23584651574
147 7.23584651574
148 7.23584651574
149 7.23584651574
150 7.23584651574
151 7.23584651574
152 7.23584651574
153 7.23584651574
154 7.23584651574
155 7.23584651574
156 7.23584651574
157 7.23584651574
158 7.23584651574
159 7.23584651574
160 7.23584651574
161 7.23584651574
162 7.23584651574
163 7.23584651574
164 7.23584651574
165 7.23584651574
166 7.23584651574
167 7.23584651574
168 7.23584651574
169 7.23584651574
170 7.23584651574
171 7.23584651574
172 7.23584651574
173 7.23584651574
174 7.23584651574
175 7.23584651574
176 7.23584651574
177 7.23584651574
178 7.23584651574
179 7.23584651574
180 7.23584651574
181 7.23584651574
182 7.23584651574
183 7.23584651574
184 7.23584651574
185 7.23584651574
186 7.23584651574
187 7.23584651574
188 7.23584651574
189 7.23584651574
190 7.23584651574
191 7.23584651574
192 7.23584651574
193 7.23584651574
194 7.23584651574
195 7.23584651574
196 7.23584651574
