0 3135.98302388
1 1829.35743296
2 1829.35743296
3 1829.35743296
4 1829.35743296
5 1829.35743296
6 1829.35743296
7 1829.35743296
8 1586.84464685
9 1586.84464685
10 1586.84464685
11 1586.84464685
12 1586.84464685
13 1586.84464685
14 1586.84464685
15 1586.84464685
16 1454.93897752
17 985.671736222
18 985.671736222
19 985.671736222
20 985.671736222
21 985.671736222
22 985.671736222
23 985.671736222
24 985.671736222
25 985.671736222
26 577.618444002
27 577.618444002
28 366.089274923
29 283.658750447
30 283.658750447
31 218.920162813
32 218.920162813
33 107.711159648
34 107.711159648
35 107.711159648
36 107.711159648
37 65.6601775371
38 53.0643362672
39 47.15952104
40 47.15952104
41 47.15952104
42 38.692956567
43 38.692956567
44 38.692956567
45 38.692956567
46 36.9371462247
47 34.1740126437
48 27.7673168678
49 27.7673168678
50 27.7673168678
51 25.8822631547
52 21.5407214481
53 21.5407214481
54 21.5407214481
55 21.5407214481
56 21.5407214481
57 16.5537647383
58 16.5537647383
59 16.5537647383
60 10.5796337244
61 10.5796337244
62 10.5796337244
63 10.5796337244
64 10.5796337244
65 10.5796337244
66 10.5796337244
67 10.5796337244
68 10.5796337244
69 10.5796337244
70 10.5796337244
71 9.13909840051
72 9.13909840051
73 9.13909840051
74 9.13909840051
75 3.66616808283
76 3.66616808283
77 3.66616808283
78 3.66616808283
79 3.66616808283
80 3.66616808283
81 3.66616808283
82 3.66616808283
83 3.66616808283
84 3.66616808283
85 3.66616808283
86 3.66616808283
87 3.66616808283
88 3.66616808283
89 3.66616808283
90 3.66616808283
91 3.66616808283
92 3.66616808283
93 3.66616808283
94 3.66616808283
95 3.66616808283
96 3.66616808283
97 3.66616808283
98 3.66616808283
99 3.66616808283
100 3.66616808283
101 3.66616808283
102 3.66616808283
103 3.66616808283
104 3.66616808283
105 3.66616808283
106 3.66616808283
107 3.66616808283
108 3.66616808283
109 3.66616808283
110 3.66616808283
111 3.66616808283
112 3.66616808283
113 3.66616808283
114 3.66616808283
115 3.66616808283
116 3.66616808283
117 3.66616808283
118 3.66616808283
119 3.66616808283
120 3.66616808283
121 3.66616808283
122 3.66616808283
123 3.66616808283
124 3.66616808283
125 3.66616808283
0 9204.84315958
1 9204.84315958
2 7883.92838471
3 7371.86640006
4 7371.86640006
5 754.629392443
6 754.629392443
7 754.629392443
8 754.629392443
9 754.629392443
10 754.629392443
11 754.629392443
12 754.629392443
13 754.629392443
14 754.629392443
15 754.629392443
16 754.629392443
17 754.629392443
18 754.629392443
19 754.629392443
20 754.629392443
21 754.629392443
22 754.629392443
23 754.629392443
24 754.629392443
25 754.629392443
26 754.629392443
27 754.629392443
28 754.629392443
29 754.629392443
30 754.629392443
31 754.629392443
32 754.629392443
33 754.629392443
34 754.629392443
35 754.629392443
36 754.629392443
37 754.629392443
38 754.629392443
39 166.517693717
40 166.517693717
41 166.517693717
42 166.517693717
43 166.517693717
44 166.517693717
45 166.517693717
46 166.517693717
47 166.517693717
48 166.517693717
49 166.517693717
50 166.517693717
51 166.517693717
52 166.517693717
53 166.517693717
54 166.517693717
55 152.600459337
56 152.600459337
57 152.600459337
58 152.600459337
59 152.600459337
60 152.600459337
61 152.600459337
62 152.600459337
63 152.600459337
64 152.600459337
65 125.366314897
66 76.7246249078
67 76.7246249078
68 76.7246249078
69 76.7246249078
70 74.3831777577
71 74.3831777577
72 74.3831777577
73 74.3831777577
74 60.7673661182
75 60.7673661182
76 60.7673661182
77 60.7673661182
78 60.7673661182
79 42.6135685818
80 34.9798394866
81 34.8173666828
82 34.8173666828
83 34.8173666828
84 34.8173666828
85 24.1939739547
86 24.1939739547
87 24.1939739547
88 24.1939739547
89 24.1939739547
90 24.1939739547
91 24.1939739547
92 24.1939739547
93 24.1939739547
94 24.1939739547
95 24.1939739547
96 24.1939739547
97 24.1939739547
98 24.1939739547
99 14.3986897077
100 14.3986897077
101 14.3986897077
102 14.3986897077
103 14.3986897077
104 14.3986897077
105 14.3986897077
106 14.3986897077
107 14.3986897077
108 10.6207223822
109 10.6207223822
110 10.6207223822
111 10.6207223822
112 10.6207223822
113 10.6207223822
114 10.6207223822
115 8.09107792799
116 4.36029549496
117 4.36029549496
118 4.36029549496
119 4.36029549496
120 4.36029549496
121 4.36029549496
122 4.36029549496
123 4.36029549496
124 4.36029549496
125 4.36029549496
126 4.36029549496
127 4.36029549496
128 4.36029549496
129 4.36029549496
130 4.36029549496
131 4.36029549496
132 4.36029549496
133 4.36029549496
134 4.36029549496
135 4.36029549496
136 4.36029549496
137 4.36029549496
138 4.36029549496
139 4.36029549496
140 4.36029549496
141 4.36029549496
142 4.36029549496
143 4.36029549496
144 4.36029549496
145 4.36029549496
146 4.36029549496
147 4.36029549496
148 4.36029549496
149 4.36029549496
150 4.36029549496
151 4.36029549496
152 4.36029549496
153 4.36029549496
154 4.36029549496
155 4.36029549496
156 4.36029549496
157 4.36029549496
158 4.36029549496
159 4.36029549496
160 4.36029549496
161 4.36029549496
162 4.36029549496
163 4.36029549496
164 4.36029549496
165 4.36029549496
166 4.36029549496
0 5503.40731151
1 5503.40731151
2 5503.40731151
3 5503.40731151
4 5503.40731151
5 5503.40731151
6 2574.71193311
7 275.665829786
8 275.665829786
9 275.665829786
0 2818.55699643
0 5065.57231904
0 4814.62275146
0 3959.23085552
0 6348.12787834
1 6348.12787834
0 4058.35655426
1 4058.35655426
0 2541.49353184
0 482.566182408
1 482.566182408
2 482.566182408
0 12625.4616617
1 12625.4616617
0 9338.59916043
1 9338.59916043
0 8621.28345902
1 8621.28345902
0 14362.9785469
1 14362.9785469
2 14362.9785469
0 23748.0485657
1 23748.0485657
0 6157.62180119
0 18090.3897294
1 17386.4909916
0 14665.9214462
1 14665.9214462
0 10377.8683302
1 10377.8683302
2 6206.67260623
3 2882.1135559
4 2882.1135559
5 2882.1135559
6 2882.1135559
7 2882.1135559
8 1643.97533357
9 1643.97533357
10 1380.13192646
11 1206.3104433
12 848.09695331
13 848.09695331
14 848.09695331
15 848.09695331
16 848.09695331
17 848.09695331
18 848.09695331
19 848.09695331
20 848.09695331
21 848.09695331
22 848.09695331
23 835.883786756
24 835.883786756
25 726.073942583
26 613.258980048
27 423.978002239
28 423.978002239
29 423.978002239
30 157.644514766
31 142.212841758
32 81.8707196202
33 81.8707196202
34 58.4274761737
35 33.0078758382
36 33.0078758382
37 33.0078758382
38 33.0078758382
39 33.0078758382
40 33.0078758382
41 33.0078758382
42 33.0078758382
43 33.0078758382
44 32.2881517698
45 32.2881517698
46 32.2881517698
47 32.2881517698
48 32.2881517698
49 29.3844265456
50 28.6934418255
51 28.6934418255
52 26.864277603
53 26.864277603
54 26.864277603
55 26.864277603
56 26.864277603
57 19.7342419297
58 19.7342419297
59 19.7342419297
60 19.7342419297
61 19.7342419297
62 19.7342419297
63 19.7342419297
64 19.7342419297
65 19.7342419297
66 19.7342419297
67 19.7342419297
68 19.7342419297
69 19.7342419297
70 19.7342419297
71 19.7342419297
72 19.7342419297
73 19.7342419297
74 19.7342419297
75 19.7342419297
76 19.7342419297
77 19.7342419297
78 16.0122590616
79 16.0122590616
80 16.0122590616
81 16.0122590616
82 16.0122590616
83 16.0122590616
84 16.0122590616
85 16.0122590616
86 16.0122590616
87 16.0122590616
88 16.0122590616
89 16.0122590616
90 16.0122590616
91 16.0122590616
92 16.0122590616
93 16.0122590616
94 16.0122590616
95 16.0122590616
96 16.0122590616
97 16.0122590616
98 16.0122590616
99 16.0122590616
100 16.0122590616
101 16.0122590616
102 16.0122590616
103 16.0122590616
104 16.0122590616
105 16.0122590616
106 16.0122590616
107 16.0122590616
108 16.0122590616
109 15.3636074942
110 15.3636074942
111 15.3636074942
112 15.3636074942
113 15.3636074942
114 15.3636074942
115 15.3636074942
116 15.3636074942
117 15.3636074942
118 15.3636074942
119 11.8610322433
120 11.8610322433
121 11.8610322433
122 11.8610322433
123 11.8610322433
124 11.8610322433
125 11.8610322433
126 11.8610322433
127 11.8610322433
128 11.8610322433
129 7.81397843478
130 7.81397843478
131 7.81397843478
132 7.81397843478
133 7.81397843478
134 7.81397843478
135 7.81397843478
136 7.81397843478
137 7.81397843478
138 7.81397843478
139 7.81397843478
140 7.81397843478
141 7.81397843478
142 7.81397843478
143 7.81397843478
144 7.81397843478
145 7.81397843478
146 7.81397843478
147 7.81397843478
148 7.81397843478
149 7.81397843478
150 7.81397843478
151 7.81397843478
152 7.81397843478
153 7.81397843478
154 7.81397843478
155 7.81397843478
156 7.81397843478
157 7.81397843478
158 7.81397843478
159 7.81397843478
160 7.81397843478
161 7.81397843478
162 7.81397843478
163 7.81397843478
164 7.81397843478
165 7.81397843478
166 7.81397843478
167 7.81397843478
168 7.81397843478
169 7.81397843478
170 7.81397843478
171 7.81397843478
172 7.81397843478
173 7.81397843478
174 7.81397843478
175 7.81397843478
176 7.81397843478
177 7.81397843478
178 7.81397843478
179 7.81397843478
0 9025.3807713
1 9024.6714426
2 3014.8198401
3 3014.8198401
4 3014.8198401
5 3014.8198401
6 3014.8198401
7 3014.8198401
8 3014.8198401
9 3014.8198401
10 3014.8198401
11 800.073715293
12 800.073715293
13 800.073715293
14 578.404394692
15 578.404394692
16 578.404394692
17 578.404394692
18 578.404394692
19 578.404394692
20 578.404394692
21 578.404394692
22 124.376620247
23 124.376620247
24 124.376620247
25 124.376620247
26 124.376620247
27 124.376620247
28 124.376620247
29 124.376620247
30 124.376620247
31 124.376620247
32 124.376620247
33 124.376620247
34 124.376620247
35 124.376620247
36 104.962821855
37 104.962821855
38 65.7232757076
39 65.7232757076
40 65.7232757076
41 65.7232757076
42 65.7232757076
43 65.7232757076
44 65.7232757076
45 65.7232757076
46 65.7232757076
47 55.6485510953
48 55.6485510953
49 55.6485510953
50 55.6485510953
51 55.6485510953
52 55.6485510953
53 55.6485510953
54 55.6485510953
55 55.6485510953
56 55.6485510953
57 55.6485510953
58 55.6485510953
59 55.6485510953
60 55.6485510953
61 55.6485510953
62 50.5700866737
63 50.5700866737
64 50.4735856458
65 50.4735856458
66 50.4735856458
67 50.4735856458
68 50.4735856458
69 50.4735856458
70 50.4735856458
71 50.4735856458
72 44.1463246619
73 44.1463246619
74 44.1463246619
75 44.1463246619
76 44.1463246619
77 44.1463246619
78 44.1463246619
79 44.1463246619
80 44.1463246619
81 44.1463246619
82 44.1463246619
83 44.1463246619
84 44.1463246619
85 44.1463246619
86 44.1463246619
87 44.1463246619
88 44.1463246619
89 44.1463246619
90 44.1463246619
91 44.1463246619
92 44.1463246619
93 44.1463246619
94 44.1463246619
95 44.1463246619
96 44.1463246619
97 44.1463246619
98 44.1463246619
99 44.1463246619
100 44.1463246619
101 44.1463246619
102 44.1463246619
103 27.7876526461
104 27.7876526461
105 27.7876526461
106 27.7876526461
107 27.7876526461
108 27.7876526461
109 27.7876526461
110 27.7876526461
111 27.7876526461
112 27.7876526461
113 27.7876526461
114 27.7876526461
115 27.7876526461
116 27.7876526461
117 27.7876526461
118 27.7876526461
119 27.7876526461
120 27.7876526461
121 27.7876526461
122 27.7876526461
123 27.7876526461
124 27.7876526461
125 27.7876526461
126 27.7876526461
127 27.7876526461
128 27.7876526461
129 27.7876526461
130 27.7876526461
131 27.7876526461
132 27.7876526461
133 27.7876526461
134 27.7876526461
135 27.7876526461
136 27.7876526461
137 27.7876526461
138 27.7876526461
139 27.7876526461
140 27.7876526461
141 27.7876526461
142 27.7876526461
143 27.7876526461
144 27.7876526461
145 27.7876526461
146 27.7876526461
147 27.7876526461
148 27.7876526461
149 27.7876526461
150 27.7876526461
151 27.7876526461
152 27.7876526461
153 27.7876526461
0 10338.0819408
1 4167.04585598
2 4167.04585598
3 4167.04585598
4 4167.04585598
5 4167.04585598
6 1245.69967212
7 1245.69967212
8 1245.69967212
9 1245.69967212
10 1245.69967212
11 1171.98629434
12 1171.98629434
13 1080.52903526
14 1080.52903526
15 1080.52903526
16 1080.52903526
17 1080.52903526
18 1080.52903526
19 1080.52903526
20 993.744728959
21 507.383070459
22 507.383070459
23 507.383070459
24 507.383070459
25 344.912222445
26 344.912222445
27 235.389418178
28 235.389418178
29 235.389418178
30 234.938966479
31 179.854376365
32 179.854376365
33 101.842436125
34 101.842436125
35 74.8203490546
36 74.8203490546
37 74.8203490546
38 74.8203490546
39 74.8203490546
40 74.8203490546
41 52.4428645414
42 52.4428645414
43 52.4428645414
44 47.7049903338
45 32.1574513361
46 32.1574513361
47 32.1574513361
48 32.1574513361
49 32.1574513361
50 17.2619144904
51 17.2619144904
52 17.2619144904
53 17.2619144904
54 17.2619144904
55 17.2619144904
56 17.2619144904
57 17.2619144904
58 17.2619144904
59 17.2619144904
60 17.2619144904
61 17.2619144904
62 17.2619144904
63 15.0173962878
64 15.0173962878
65 15.0173962878
66 7.83406030466
67 7.83406030466
68 7.83406030466
69 7.83406030466
70 7.83406030466
71 7.83406030466
72 7.83406030466
73 7.83406030466
74 7.83406030466
75 7.83406030466
76 7.83406030466
77 7.83406030466
78 7.83406030466
79 7.83406030466
80 7.83406030466
81 7.83406030466
82 7.83406030466
83 7.83406030466
84 7.83406030466
85 7.83406030466
86 7.83406030466
87 7.83406030466
88 7.83406030466
89 7.83406030466
90 5.59719938777
91 5.59719938777
92 5.59719938777
93 5.59719938777
94 5.59719938777
95 5.59719938777
96 5.59719938777
97 5.59719938777
98 5.59719938777
99 5.59719938777
100 5.59719938777
101 5.59719938777
102 5.59719938777
103 5.59719938777
104 5.59719938777
105 5.59719938777
106 5.59719938777
107 5.59719938777
108 5.59719938777
109 5.59719938777
110 5.59719938777
111 5.59719938777
112 5.59719938777
113 5.59719938777
114 5.59719938777
115 5.59719938777
116 5.59719938777
117 5.59719938777
118 5.59719938777
119 5.59719938777
120 5.59719938777
121 5.59719938777
122 5.59719938777
123 5.59719938777
124 5.59719938777
125 5.59719938777
126 5.59719938777
127 5.59719938777
128 5.59719938777
129 5.59719938777
130 5.59719938777
131 5.59719938777
132 5.59719938777
133 5.59719938777
134 5.59719938777
135 5.59719938777
136 5.59719938777
137 5.59719938777
138 5.59719938777
139 5.59719938777
140 5.59719938777
